SOURCE_RULE_ID,SELECTOR,DECLARED_PT,LINE_SPACING_PT,GRAPHICS_SCALE,EFFECTIVE_PT,FACT
SRC01,slfig-FIG-P600-01,9.2,11.0,1.0,9.2,global figure font
SRC02,state,9.2,11.0,1.0,9.2,state label font
SRC03,proposal,9.2,11.0,1.0,9.2,proposal formula font
SRC04,clipbox,9.2,11.0,1.0,9.2,clip formula font
SRC05,heading node,8.6,10.2,1.0,8.6,heading annotation font
SRC06,accepted-flow formula block,9.2,11.0,1.0,9.2,two-line formula block
SRC07,conclusion node,9.2,11.0,1.0,9.2,conclusion note font
SRC08,whole tikzpicture,N/A,N/A,1.0,N/A,no resizebox/scalebox/transform shape/graphic scale
